111000000000000000
111000000000000000
111000000000000000
111000000000000000
111000000000000000
111000000000000000
111000000000000000
111000000000000000
111000000000000000
111000000000000000
111000000000000000
111000000000000000
111000000000000000
111000000000000000
111000000000000000
111000000000000000
111000000000000000
111000000000000000
111000000000000000
111000000000000000
111000000000000000
111000000000000000
111000000000000000
111000000000000000
111000000000000000
111000000000000000
111000000000000000
111000000000000000
111000000000000000
111000000000000000
111000000000000000
111000000000000000
111000000000010000
111000000000001000
111000000000000010
111000000000001000
111000000000001000
111000000000001000
111000000000001000
111000000000001000
111000000000001000
111000000000001000
111000000000001000
111000000000001000
111000000000001000
111000000000001000
111000000000001000
111000000000001000
111000000000001000
111000000000001000
111000000000001000
111000000000001000
111000000000001000
111000000000001000
111000000000001000
111000000000001000
111000000000001000
111000000000001000
111000000000001000
111000000000001000
111000000000001000
111000000000001000
111000000000001000
111000000000001000
111000000000001000
111000000000001000
111000000000001000
111000000000001000
111000000000001000
111000000000001000
111000000000001000
111000000000001000
111000000000001000
111000000000001000
111000000000001000
111000000000001000
111000000000001000
111000000000001000
111000000000001000
111000000000001000
111000000000001000
111000000000001000
111000000000001000
111000000000001000
111000000000001000
111000000000001000
111000000000001000
111000000000001000
111000000000001000
111000000000001000
111000000000001000
111000000000001000
111000000000001000
111000000000001000
111000000000001000
111000000000001000
111000000000001000
111000000000001000
111000000000001000
111000000000001000
111000000000001000
111000000000001000
111000000000001000
10000000000000000
