000000100111000001
000001001010100001
000001101011000001
000010000110000001
000010101011000001
000011000110100001
000011100111000001
000100001001100001
000100101011000001
000101000110100001
000101100111000001
000110001010000001
000110100111000001
000111001010100001
000111101011000001
001000000101000001
001000101011000001
001001000110100001
001001100111000001
001010001010000001
001010100111000001
001011001010100001
001011101011000001
001100000101100001
001100100111000001
001101001010100001
001101101011000001
001110000110000001
001110101011000001
001111000110100001
010000100111000001
111000000000000000
111000000000010000
010001100110100001
111000000000000010
010010001010000001
010010100111000001
010011001010100001
010011101011000001
010100000101100001
010100100111000001
010101001010100001
010101101011000001
010110000110000001
010110101011000001
010111000110100001
010111100111000001
011000001001000001
011000100111000001
011001001010100001
011001101011000001
011010000110000001
011010101011000001
011011000110100001
011011100111000001
011100001001100001
011100101011000001
011101000110100001
011101100111000001
011110001010000001
011110100111000001
011111001010100001
100000001011000001
111000000000001000
100000101011000001
100001000110100001
100001100111000001
100010001010000001
100010100111000001
100011001010100001
100011101011000001
100100000101100001
100100100111000001
100101001010100001
100101101011000001
100110000110000001
100110101011000001
100111000110100001
100111100111000001
101000001001000001
101000100111000001
101001001010100001
101001101011000001
101010000110000001
101010101011000001
101011000110100001
101011100111000001
101100001001100001
101100101011000001
101101000110100001
101101100111000001
101110001010000001
101110100111000001
101111001010100001
110000001011000001
111000000000001000
110000100111000001
110001001010100001
110010001011000001
111000000000001000
100000001011000000
111000000000001000
111000000000001000
000000000000000001
